SG=227.129
name=Fd-3m1'
nsym=96
spinor=False
symmetries=
1 0 0   0 1 0   0 0 1     0.0 0.0 0.0      1.0  0.0  0.0  1.0    0.0  0.0  0.0  0.0
 time-reversal : False 

-1 0 0   0 -1 0   0 0 1     -0.25 -0.25 0.0      1.0  0.0  0.0  1.0    0.5  -0.86054  -0.13946  -0.5
 time-reversal : False 

-1 0 0   0 1 0   0 0 -1     -0.25 0.0 -0.25      0.0  1.0  1.0  0.0    0.5  0.0  1.0  -0.5
 time-reversal : False 

1 0 0   0 -1 0   0 0 -1     0.0 -0.25 -0.25      0.0  1.0  1.0  0.0    0.0  -0.5  -0.5  0.0
 time-reversal : False 

0 0 1   1 0 0   0 1 0     0.0 0.0 0.0      0.70711  0.70711  0.70711  0.70711    -0.25  -0.75  -0.25  0.25
 time-reversal : False 

0 0 1   -1 0 0   0 -1 0     0.0 -0.25 -0.25      0.70711  0.70711  0.70711  0.70711    0.25  0.75  0.25  -0.25
 time-reversal : False 

0 0 -1   -1 0 0   0 1 0     -0.25 -0.25 0.0      0.70711  0.70711  0.70711  0.70711    0.25  -0.25  -0.75  -0.25
 time-reversal : False 

0 0 -1   1 0 0   0 -1 0     -0.25 0.0 -0.25      0.70711  0.70711  0.70711  0.70711    -0.25  0.25  0.75  0.25
 time-reversal : False 

0 1 0   0 0 1   1 0 0     0.0 0.0 0.0      0.70711  0.70711  0.70711  0.70711    0.25  0.25  0.75  -0.25
 time-reversal : False 

0 -1 0   0 0 1   -1 0 0     -0.25 0.0 -0.25      0.70711  0.70711  0.70711  0.70711    -0.25  0.75  0.25  0.25
 time-reversal : False 

0 1 0   0 0 -1   -1 0 0     0.0 -0.25 -0.25      0.70711  0.70711  0.70711  0.70711    0.25  -0.75  -0.25  -0.25
 time-reversal : False 

0 -1 0   0 0 -1   1 0 0     -0.25 -0.25 0.0      0.70711  0.70711  0.70711  0.70711    -0.25  -0.25  -0.75  0.25
 time-reversal : False 

0 1 0   1 0 0   0 0 -1     0.25 0.25 -0.0      0.0  1.0  1.0  0.0    0.97836  -0.75  -0.25  0.03228
 time-reversal : False 

0 -1 0   -1 0 0   0 0 -1     -0.0 0.0 0.0      0.0  1.0  1.0  0.0    0.86413  0.75  0.25  0.5
 time-reversal : False 

0 1 0   -1 0 0   0 0 1     0.25 -0.0 0.25      1.0  0.0  0.0  1.0    0.25  0.88572  0.11428  -0.25
 time-reversal : False 

0 -1 0   1 0 0   0 0 1     0.0 0.25 0.25      1.0  0.0  0.0  1.0    -0.25  0.38572  0.61428  0.25
 time-reversal : False 

1 0 0   0 0 1   0 -1 0     0.25 0.25 -0.0      0.70711  0.70711  0.70711  0.70711    -0.0  0.5  0.5  0.0
 time-reversal : False 

-1 0 0   0 0 1   0 1 0     0.0 0.25 0.25      0.70711  0.70711  0.70711  0.70711    0.5  0.0  1.0  -0.5
 time-reversal : False 

-1 0 0   0 0 -1   0 -1 0     0.0 0.0 -0.0      0.70711  0.70711  0.70711  0.70711    0.5  -1.0  -0.0  -0.5
 time-reversal : False 

1 0 0   0 0 -1   0 1 0     0.25 0.0 0.25      0.70711  0.70711  0.70711  0.70711    0.0  -0.5  -0.5  0.0
 time-reversal : False 

0 0 1   0 1 0   -1 0 0     0.25 0.25 -0.0      0.70711  0.70711  0.70711  0.70711    -0.0  -1.0  -0.0  0.0
 time-reversal : False 

0 0 1   0 -1 0   1 0 0     0.25 -0.0 0.25      0.70711  0.70711  0.70711  0.70711    0.5  0.5  0.5  -0.5
 time-reversal : False 

0 0 -1   0 1 0   1 0 0     0.0 0.25 0.25      0.70711  0.70711  0.70711  0.70711    0.0  0.0  1.0  -0.0
 time-reversal : False 

0 0 -1   0 -1 0   -1 0 0     0.0 0.0 0.0      0.70711  0.70711  0.70711  0.70711    -0.5  0.5  0.5  0.5
 time-reversal : False 

-1 0 0   0 -1 0   0 0 -1     0.0 0.0 0.0      1.0  0.0  0.0  1.0    0.0  0.0  0.0  0.0
 time-reversal : False 

1 0 0   0 1 0   0 0 -1     0.25 0.25 0.0      1.0  0.0  0.0  1.0    -0.5  0.13946  0.86054  0.5
 time-reversal : False 

1 0 0   0 -1 0   0 0 1     0.25 0.0 0.25      0.0  1.0  1.0  0.0    -0.5  -1.0  -0.0  0.5
 time-reversal : False 

-1 0 0   0 1 0   0 0 1     0.0 0.25 0.25      0.0  1.0  1.0  0.0    0.0  -0.5  -0.5  0.0
 time-reversal : False 

0 0 -1   -1 0 0   0 -1 0     -0.0 0.0 -0.0      0.70711  0.70711  0.70711  0.70711    -0.25  -0.75  -0.25  0.25
 time-reversal : False 

0 0 -1   1 0 0   0 1 0     0.0 0.25 0.25      0.70711  0.70711  0.70711  0.70711    0.25  0.75  0.25  -0.25
 time-reversal : False 

0 0 1   1 0 0   0 -1 0     0.25 0.25 0.0      0.70711  0.70711  0.70711  0.70711    0.25  -0.25  -0.75  -0.25
 time-reversal : False 

0 0 1   -1 0 0   0 1 0     0.25 -0.0 0.25      0.70711  0.70711  0.70711  0.70711    -0.25  0.25  0.75  0.25
 time-reversal : False 

0 -1 0   0 0 -1   -1 0 0     0.0 -0.0 -0.0      0.70711  0.70711  0.70711  0.70711    0.25  0.25  0.75  -0.25
 time-reversal : False 

0 1 0   0 0 -1   1 0 0     0.25 0.0 0.25      0.70711  0.70711  0.70711  0.70711    -0.25  0.75  0.25  0.25
 time-reversal : False 

0 -1 0   0 0 1   1 0 0     0.0 0.25 0.25      0.70711  0.70711  0.70711  0.70711    0.25  -0.75  -0.25  -0.25
 time-reversal : False 

0 1 0   0 0 1   -1 0 0     0.25 0.25 -0.0      0.70711  0.70711  0.70711  0.70711    -0.25  -0.25  -0.75  0.25
 time-reversal : False 

0 -1 0   -1 0 0   0 0 1     -0.25 -0.25 0.0      0.0  1.0  1.0  0.0    0.97836  0.25  0.75  0.03228
 time-reversal : False 

0 1 0   1 0 0   0 0 1     0.0 0.0 0.0      0.0  1.0  1.0  0.0    -0.83555  -0.25  -0.75  0.5
 time-reversal : False 

0 -1 0   1 0 0   0 0 -1     -0.25 0.0 -0.25      1.0  0.0  0.0  1.0    0.25  0.88572  0.11428  -0.25
 time-reversal : False 

0 1 0   -1 0 0   0 0 -1     0.0 -0.25 -0.25      1.0  0.0  0.0  1.0    -0.25  0.38572  0.61428  0.25
 time-reversal : False 

-1 0 0   0 0 -1   0 1 0     -0.25 -0.25 0.0      0.70711  0.70711  0.70711  0.70711    -0.0  0.5  0.5  0.0
 time-reversal : False 

1 0 0   0 0 -1   0 -1 0     0.0 -0.25 -0.25      0.70711  0.70711  0.70711  0.70711    -0.5  1.0  -0.0  0.5
 time-reversal : False 

1 0 0   0 0 1   0 1 0     0.0 0.0 0.0      0.70711  0.70711  0.70711  0.70711    -0.5  0.0  1.0  0.5
 time-reversal : False 

-1 0 0   0 0 1   0 -1 0     -0.25 0.0 -0.25      0.70711  0.70711  0.70711  0.70711    0.0  -0.5  -0.5  0.0
 time-reversal : False 

0 0 -1   0 -1 0   1 0 0     -0.25 -0.25 0.0      0.70711  0.70711  0.70711  0.70711    -0.0  -1.0  -0.0  0.0
 time-reversal : False 

0 0 -1   0 1 0   -1 0 0     -0.25 0.0 -0.25      0.70711  0.70711  0.70711  0.70711    -0.5  -0.5  -0.5  0.5
 time-reversal : False 

0 0 1   0 -1 0   -1 0 0     0.0 -0.25 -0.25      0.70711  0.70711  0.70711  0.70711    0.0  0.0  1.0  -0.0
 time-reversal : False 

0 0 1   0 1 0   1 0 0     0.0 0.0 0.0      0.70711  0.70711  0.70711  0.70711    0.5  -0.5  -0.5  -0.5
 time-reversal : False 

1 0 0   0 1 0   0 0 1     0.0 0.0 0.0      1.0  0.0  0.0  1.0    0.0  0.0  0.0  0.0
 time-reversal : True 

-1 0 0   0 -1 0   0 0 1     -0.25 -0.25 0.0      1.0  0.0  0.0  1.0    0.5  -0.86054  -0.13946  -0.5
 time-reversal : True 

-1 0 0   0 1 0   0 0 -1     -0.25 0.0 -0.25      0.0  1.0  1.0  0.0    0.5  0.0  1.0  -0.5
 time-reversal : True 

1 0 0   0 -1 0   0 0 -1     0.0 -0.25 -0.25      0.0  1.0  1.0  0.0    0.0  -0.5  -0.5  0.0
 time-reversal : True 

0 0 1   1 0 0   0 1 0     0.0 0.0 0.0      0.70711  0.70711  0.70711  0.70711    -0.25  -0.75  -0.25  0.25
 time-reversal : True 

0 0 1   -1 0 0   0 -1 0     0.0 -0.25 -0.25      0.70711  0.70711  0.70711  0.70711    0.25  0.75  0.25  -0.25
 time-reversal : True 

0 0 -1   -1 0 0   0 1 0     -0.25 -0.25 0.0      0.70711  0.70711  0.70711  0.70711    0.25  -0.25  -0.75  -0.25
 time-reversal : True 

0 0 -1   1 0 0   0 -1 0     -0.25 0.0 -0.25      0.70711  0.70711  0.70711  0.70711    -0.25  0.25  0.75  0.25
 time-reversal : True 

0 1 0   0 0 1   1 0 0     0.0 0.0 0.0      0.70711  0.70711  0.70711  0.70711    0.25  0.25  0.75  -0.25
 time-reversal : True 

0 -1 0   0 0 1   -1 0 0     -0.25 0.0 -0.25      0.70711  0.70711  0.70711  0.70711    -0.25  0.75  0.25  0.25
 time-reversal : True 

0 1 0   0 0 -1   -1 0 0     0.0 -0.25 -0.25      0.70711  0.70711  0.70711  0.70711    0.25  -0.75  -0.25  -0.25
 time-reversal : True 

0 -1 0   0 0 -1   1 0 0     -0.25 -0.25 0.0      0.70711  0.70711  0.70711  0.70711    -0.25  -0.25  -0.75  0.25
 time-reversal : True 

0 1 0   1 0 0   0 0 -1     0.25 0.25 -0.0      0.0  1.0  1.0  0.0    0.97836  -0.75  -0.25  0.03228
 time-reversal : True 

0 -1 0   -1 0 0   0 0 -1     -0.0 0.0 0.0      0.0  1.0  1.0  0.0    0.86413  0.75  0.25  0.5
 time-reversal : True 

0 1 0   -1 0 0   0 0 1     0.25 -0.0 0.25      1.0  0.0  0.0  1.0    0.25  0.88572  0.11428  -0.25
 time-reversal : True 

0 -1 0   1 0 0   0 0 1     0.0 0.25 0.25      1.0  0.0  0.0  1.0    -0.25  0.38572  0.61428  0.25
 time-reversal : True 

1 0 0   0 0 1   0 -1 0     0.25 0.25 -0.0      0.70711  0.70711  0.70711  0.70711    -0.0  0.5  0.5  0.0
 time-reversal : True 

-1 0 0   0 0 1   0 1 0     0.0 0.25 0.25      0.70711  0.70711  0.70711  0.70711    0.5  0.0  1.0  -0.5
 time-reversal : True 

-1 0 0   0 0 -1   0 -1 0     0.0 0.0 -0.0      0.70711  0.70711  0.70711  0.70711    0.5  -1.0  -0.0  -0.5
 time-reversal : True 

1 0 0   0 0 -1   0 1 0     0.25 0.0 0.25      0.70711  0.70711  0.70711  0.70711    0.0  -0.5  -0.5  0.0
 time-reversal : True 

0 0 1   0 1 0   -1 0 0     0.25 0.25 -0.0      0.70711  0.70711  0.70711  0.70711    -0.0  -1.0  -0.0  0.0
 time-reversal : True 

0 0 1   0 -1 0   1 0 0     0.25 -0.0 0.25      0.70711  0.70711  0.70711  0.70711    0.5  0.5  0.5  -0.5
 time-reversal : True 

0 0 -1   0 1 0   1 0 0     0.0 0.25 0.25      0.70711  0.70711  0.70711  0.70711    0.0  0.0  1.0  -0.0
 time-reversal : True 

0 0 -1   0 -1 0   -1 0 0     0.0 0.0 0.0      0.70711  0.70711  0.70711  0.70711    -0.5  0.5  0.5  0.5
 time-reversal : True 

-1 0 0   0 -1 0   0 0 -1     0.0 0.0 0.0      1.0  0.0  0.0  1.0    0.0  0.0  0.0  0.0
 time-reversal : True 

1 0 0   0 1 0   0 0 -1     0.25 0.25 0.0      1.0  0.0  0.0  1.0    -0.5  0.13946  0.86054  0.5
 time-reversal : True 

1 0 0   0 -1 0   0 0 1     0.25 0.0 0.25      0.0  1.0  1.0  0.0    -0.5  -1.0  -0.0  0.5
 time-reversal : True 

-1 0 0   0 1 0   0 0 1     0.0 0.25 0.25      0.0  1.0  1.0  0.0    0.0  -0.5  -0.5  0.0
 time-reversal : True 

0 0 -1   -1 0 0   0 -1 0     -0.0 0.0 -0.0      0.70711  0.70711  0.70711  0.70711    -0.25  -0.75  -0.25  0.25
 time-reversal : True 

0 0 -1   1 0 0   0 1 0     0.0 0.25 0.25      0.70711  0.70711  0.70711  0.70711    0.25  0.75  0.25  -0.25
 time-reversal : True 

0 0 1   1 0 0   0 -1 0     0.25 0.25 0.0      0.70711  0.70711  0.70711  0.70711    0.25  -0.25  -0.75  -0.25
 time-reversal : True 

0 0 1   -1 0 0   0 1 0     0.25 -0.0 0.25      0.70711  0.70711  0.70711  0.70711    -0.25  0.25  0.75  0.25
 time-reversal : True 

0 -1 0   0 0 -1   -1 0 0     0.0 -0.0 -0.0      0.70711  0.70711  0.70711  0.70711    0.25  0.25  0.75  -0.25
 time-reversal : True 

0 1 0   0 0 -1   1 0 0     0.25 0.0 0.25      0.70711  0.70711  0.70711  0.70711    -0.25  0.75  0.25  0.25
 time-reversal : True 

0 -1 0   0 0 1   1 0 0     0.0 0.25 0.25      0.70711  0.70711  0.70711  0.70711    0.25  -0.75  -0.25  -0.25
 time-reversal : True 

0 1 0   0 0 1   -1 0 0     0.25 0.25 -0.0      0.70711  0.70711  0.70711  0.70711    -0.25  -0.25  -0.75  0.25
 time-reversal : True 

0 -1 0   -1 0 0   0 0 1     -0.25 -0.25 0.0      0.0  1.0  1.0  0.0    0.97836  0.25  0.75  0.03228
 time-reversal : True 

0 1 0   1 0 0   0 0 1     0.0 0.0 0.0      0.0  1.0  1.0  0.0    -0.83555  -0.25  -0.75  0.5
 time-reversal : True 

0 -1 0   1 0 0   0 0 -1     -0.25 0.0 -0.25      1.0  0.0  0.0  1.0    0.25  0.88572  0.11428  -0.25
 time-reversal : True 

0 1 0   -1 0 0   0 0 -1     0.0 -0.25 -0.25      1.0  0.0  0.0  1.0    -0.25  0.38572  0.61428  0.25
 time-reversal : True 

-1 0 0   0 0 -1   0 1 0     -0.25 -0.25 0.0      0.70711  0.70711  0.70711  0.70711    -0.0  0.5  0.5  0.0
 time-reversal : True 

1 0 0   0 0 -1   0 -1 0     0.0 -0.25 -0.25      0.70711  0.70711  0.70711  0.70711    -0.5  1.0  -0.0  0.5
 time-reversal : True 

1 0 0   0 0 1   0 1 0     0.0 0.0 0.0      0.70711  0.70711  0.70711  0.70711    -0.5  0.0  1.0  0.5
 time-reversal : True 

-1 0 0   0 0 1   0 -1 0     -0.25 0.0 -0.25      0.70711  0.70711  0.70711  0.70711    0.0  -0.5  -0.5  0.0
 time-reversal : True 

0 0 -1   0 -1 0   1 0 0     -0.25 -0.25 0.0      0.70711  0.70711  0.70711  0.70711    -0.0  -1.0  -0.0  0.0
 time-reversal : True 

0 0 -1   0 1 0   -1 0 0     -0.25 0.0 -0.25      0.70711  0.70711  0.70711  0.70711    -0.5  -0.5  -0.5  0.5
 time-reversal : True 

0 0 1   0 -1 0   -1 0 0     0.0 -0.25 -0.25      0.70711  0.70711  0.70711  0.70711    0.0  0.0  1.0  -0.0
 time-reversal : True 

0 0 1   0 1 0   1 0 0     0.0 0.0 0.0      0.70711  0.70711  0.70711  0.70711    0.5  -0.5  -0.5  -0.5
 time-reversal : True 


