12  
0  
 96
 1  0  0  0  1  0  0  0  1       0.000000   0.000000   0.000000  1.000000   0.000000   0.000000   0.000000   0.000000   0.000000   1.000000   0.000000 1
 0  1  0  1  0  0 -1 -1 -1       0.000000   0.000000   0.000000  0.000000   1.000000  -0.000000  -0.000000   0.000000  -0.000000   0.000000  -1.000000 1
 0  0  1 -1 -1 -1  1  0  0       0.000000   0.000000   0.000000  0.000000   0.000000   1.000000   0.000000  -1.000000   0.000000   0.000000  -0.000000 1
-1 -1 -1  0  0  1  0  1  0       0.000000   0.000000   0.000000  0.000000   0.000000   0.000000  -1.000000   0.000000  -1.000000   0.000000   0.000000 1
 0  0  1  1  0  0  0  1  0       0.000000   0.000000   0.000000  0.500000  -0.500000  -0.500000  -0.500000   0.500000  -0.500000   0.500000   0.500000 1
-1 -1 -1  0  1  0  1  0  0       0.000000   0.000000   0.000000  0.500000   0.500000  -0.500000   0.500000   0.500000   0.500000   0.500000  -0.500000 1
 1  0  0  0  0  1 -1 -1 -1       0.000000   0.000000   0.000000  0.500000   0.500000   0.500000  -0.500000  -0.500000  -0.500000   0.500000  -0.500000 1
 0  1  0 -1 -1 -1  0  0  1       0.000000   0.000000   0.000000  0.500000  -0.500000   0.500000   0.500000  -0.500000   0.500000   0.500000   0.500000 1
 0  1  0  0  0  1  1  0  0       0.000000   0.000000   0.000000  0.500000   0.500000   0.500000   0.500000  -0.500000   0.500000   0.500000  -0.500000 1
 1  0  0 -1 -1 -1  0  1  0       0.000000   0.000000   0.000000  0.500000  -0.500000  -0.500000   0.500000   0.500000   0.500000   0.500000   0.500000 1
-1 -1 -1  1  0  0  0  0  1       0.000000   0.000000   0.000000  0.500000   0.500000  -0.500000  -0.500000   0.500000  -0.500000   0.500000  -0.500000 1
 0  0  1  0  1  0 -1 -1 -1       0.000000   0.000000   0.000000  0.500000  -0.500000   0.500000  -0.500000  -0.500000  -0.500000   0.500000   0.500000 1
-1  0  0  0 -1  0  1  1  1       0.250000   0.250000   0.250000 -0.000000   0.000000  -0.707107  -0.707107   0.707107  -0.707107   0.000000   0.000000 1
 0 -1  0 -1  0  0  0  0 -1       0.250000   0.250000   0.250000 -0.000000   0.000000  -0.707107   0.707107   0.707107   0.707107   0.000000   0.000000 1
 0  0 -1  1  1  1  0 -1  0       0.250000   0.250000   0.250000  0.707107   0.707107  -0.000000   0.000000   0.000000   0.000000   0.707107  -0.707107 1
 1  1  1  0  0 -1 -1  0  0       0.250000   0.250000   0.250000  0.707107  -0.707107   0.000000   0.000000  -0.000000   0.000000   0.707107   0.707107 1
 0  0 -1 -1  0  0  1  1  1       0.250000   0.250000   0.250000  0.707107  -0.000000   0.000000   0.707107  -0.000000   0.707107   0.707107   0.000000 1
 1  1  1  0 -1  0  0  0 -1       0.250000   0.250000   0.250000  0.000000   0.707107   0.707107   0.000000  -0.707107   0.000000   0.000000  -0.707107 1
-1  0  0  0  0 -1  0 -1  0       0.250000   0.250000   0.250000  0.000000   0.707107  -0.707107  -0.000000   0.707107  -0.000000   0.000000  -0.707107 1
 0 -1  0  1  1  1 -1  0  0       0.250000   0.250000   0.250000  0.707107   0.000000   0.000000  -0.707107   0.000000  -0.707107   0.707107   0.000000 1
 0 -1  0  0  0 -1  1  1  1       0.250000   0.250000   0.250000  0.707107  -0.000000  -0.707107  -0.000000   0.707107  -0.000000   0.707107   0.000000 1
-1  0  0  1  1  1  0  0 -1       0.250000   0.250000   0.250000  0.000000   0.707107   0.000000   0.707107   0.000000   0.707107   0.000000  -0.707107 1
 1  1  1 -1  0  0  0 -1  0       0.250000   0.250000   0.250000  0.707107   0.000000   0.707107   0.000000  -0.707107   0.000000   0.707107  -0.000000 1
 0  0 -1  0 -1  0 -1  0  0       0.250000   0.250000   0.250000  0.000000  -0.707107   0.000000   0.707107  -0.000000   0.707107   0.000000   0.707107 1
-1  0  0  0 -1  0  0  0 -1       0.250000   0.250000   0.250000  1.000000   0.000000   0.000000   0.000000   0.000000   0.000000   1.000000   0.000000 1
 0 -1  0 -1  0  0  1  1  1       0.250000   0.250000   0.250000  0.000000  -1.000000   0.000000   0.000000  -0.000000   0.000000   0.000000   1.000000 1
 0  0 -1  1  1  1 -1  0  0       0.250000   0.250000   0.250000  0.000000  -0.000000  -1.000000  -0.000000   1.000000  -0.000000   0.000000   0.000000 1
 1  1  1  0  0 -1  0 -1  0       0.250000   0.250000   0.250000  0.000000   0.000000   0.000000  -1.000000   0.000000  -1.000000   0.000000   0.000000 1
 0  0 -1 -1  0  0  0 -1  0       0.250000   0.250000   0.250000  0.500000  -0.500000  -0.500000  -0.500000   0.500000  -0.500000   0.500000   0.500000 1
 1  1  1  0 -1  0 -1  0  0       0.250000   0.250000   0.250000  0.500000   0.500000  -0.500000   0.500000   0.500000   0.500000   0.500000  -0.500000 1
-1  0  0  0  0 -1  1  1  1       0.250000   0.250000   0.250000  0.500000   0.500000   0.500000  -0.500000  -0.500000  -0.500000   0.500000  -0.500000 1
 0 -1  0  1  1  1  0  0 -1       0.250000   0.250000   0.250000  0.500000  -0.500000   0.500000   0.500000  -0.500000   0.500000   0.500000   0.500000 1
 0 -1  0  0  0 -1 -1  0  0       0.250000   0.250000   0.250000  0.500000   0.500000   0.500000   0.500000  -0.500000   0.500000   0.500000  -0.500000 1
-1  0  0  1  1  1  0 -1  0       0.250000   0.250000   0.250000  0.500000  -0.500000  -0.500000   0.500000   0.500000   0.500000   0.500000   0.500000 1
 1  1  1 -1  0  0  0  0 -1       0.250000   0.250000   0.250000  0.500000   0.500000  -0.500000  -0.500000   0.500000  -0.500000   0.500000  -0.500000 1
 0  0 -1  0 -1  0  1  1  1       0.250000   0.250000   0.250000  0.500000  -0.500000   0.500000  -0.500000  -0.500000  -0.500000   0.500000   0.500000 1
 1  0  0  0  1  0 -1 -1 -1       0.000000   0.000000   0.000000 -0.000000   0.000000   0.707107   0.707107  -0.707107   0.707107   0.000000   0.000000 1
 0  1  0  1  0  0  0  0  1       0.000000   0.000000   0.000000 -0.000000  -0.000000   0.707107  -0.707107  -0.707107  -0.707107   0.000000   0.000000 1
 0  0  1 -1 -1 -1  0  1  0       0.000000   0.000000   0.000000  0.707107   0.707107  -0.000000   0.000000   0.000000   0.000000   0.707107  -0.707107 1
-1 -1 -1  0  0  1  1  0  0       0.000000   0.000000   0.000000  0.707107  -0.707107   0.000000   0.000000  -0.000000   0.000000   0.707107   0.707107 1
 0  0  1  1  0  0 -1 -1 -1       0.000000   0.000000   0.000000  0.707107  -0.000000   0.000000   0.707107  -0.000000   0.707107   0.707107   0.000000 1
-1 -1 -1  0  1  0  0  0  1       0.000000   0.000000   0.000000  0.000000  -0.707107  -0.707107   0.000000   0.707107  -0.000000   0.000000   0.707107 1
 1  0  0  0  0  1  0  1  0       0.000000   0.000000   0.000000  0.000000  -0.707107   0.707107   0.000000  -0.707107   0.000000   0.000000   0.707107 1
 0  1  0 -1 -1 -1  1  0  0       0.000000   0.000000   0.000000  0.707107   0.000000   0.000000  -0.707107   0.000000  -0.707107   0.707107   0.000000 1
 0  1  0  0  0  1 -1 -1 -1       0.000000   0.000000   0.000000  0.707107  -0.000000  -0.707107  -0.000000   0.707107  -0.000000   0.707107   0.000000 1
 1  0  0 -1 -1 -1  0  0  1       0.000000   0.000000   0.000000  0.000000  -0.707107   0.000000  -0.707107   0.000000  -0.707107   0.000000   0.707107 1
-1 -1 -1  1  0  0  0  1  0       0.000000   0.000000   0.000000  0.707107   0.000000   0.707107   0.000000  -0.707107   0.000000   0.707107  -0.000000 1
 0  0  1  0  1  0  1  0  0       0.000000   0.000000   0.000000  0.000000   0.707107   0.000000  -0.707107  -0.000000  -0.707107   0.000000  -0.707107 1
 1  0  0  0  1  0  0  0  1       0.000000   0.000000   0.000000  1.000000   0.000000   0.000000   0.000000   0.000000   0.000000   1.000000   0.000000 -1
 0  1  0  1  0  0 -1 -1 -1       0.000000   0.000000   0.000000  0.000000   1.000000  -0.000000  -0.000000   0.000000  -0.000000   0.000000  -1.000000 -1
 0  0  1 -1 -1 -1  1  0  0       0.000000   0.000000   0.000000  0.000000   0.000000   1.000000   0.000000  -1.000000   0.000000   0.000000  -0.000000 -1
-1 -1 -1  0  0  1  0  1  0       0.000000   0.000000   0.000000  0.000000   0.000000   0.000000  -1.000000   0.000000  -1.000000   0.000000   0.000000 -1
 0  0  1  1  0  0  0  1  0       0.000000   0.000000   0.000000  0.500000  -0.500000  -0.500000  -0.500000   0.500000  -0.500000   0.500000   0.500000 -1
-1 -1 -1  0  1  0  1  0  0       0.000000   0.000000   0.000000  0.500000   0.500000  -0.500000   0.500000   0.500000   0.500000   0.500000  -0.500000 -1
 1  0  0  0  0  1 -1 -1 -1       0.000000   0.000000   0.000000  0.500000   0.500000   0.500000  -0.500000  -0.500000  -0.500000   0.500000  -0.500000 -1
 0  1  0 -1 -1 -1  0  0  1       0.000000   0.000000   0.000000  0.500000  -0.500000   0.500000   0.500000  -0.500000   0.500000   0.500000   0.500000 -1
 0  1  0  0  0  1  1  0  0       0.000000   0.000000   0.000000  0.500000   0.500000   0.500000   0.500000  -0.500000   0.500000   0.500000  -0.500000 -1
 1  0  0 -1 -1 -1  0  1  0       0.000000   0.000000   0.000000  0.500000  -0.500000  -0.500000   0.500000   0.500000   0.500000   0.500000   0.500000 -1
-1 -1 -1  1  0  0  0  0  1       0.000000   0.000000   0.000000  0.500000   0.500000  -0.500000  -0.500000   0.500000  -0.500000   0.500000  -0.500000 -1
 0  0  1  0  1  0 -1 -1 -1       0.000000   0.000000   0.000000  0.500000  -0.500000   0.500000  -0.500000  -0.500000  -0.500000   0.500000   0.500000 -1
-1  0  0  0 -1  0  1  1  1       0.250000   0.250000   0.250000 -0.000000   0.000000  -0.707107  -0.707107   0.707107  -0.707107   0.000000   0.000000 -1
 0 -1  0 -1  0  0  0  0 -1       0.250000   0.250000   0.250000 -0.000000   0.000000  -0.707107   0.707107   0.707107   0.707107   0.000000   0.000000 -1
 0  0 -1  1  1  1  0 -1  0       0.250000   0.250000   0.250000  0.707107   0.707107  -0.000000   0.000000   0.000000   0.000000   0.707107  -0.707107 -1
 1  1  1  0  0 -1 -1  0  0       0.250000   0.250000   0.250000  0.707107  -0.707107   0.000000   0.000000  -0.000000   0.000000   0.707107   0.707107 -1
 0  0 -1 -1  0  0  1  1  1       0.250000   0.250000   0.250000  0.707107  -0.000000   0.000000   0.707107  -0.000000   0.707107   0.707107   0.000000 -1
 1  1  1  0 -1  0  0  0 -1       0.250000   0.250000   0.250000  0.000000   0.707107   0.707107   0.000000  -0.707107   0.000000   0.000000  -0.707107 -1
-1  0  0  0  0 -1  0 -1  0       0.250000   0.250000   0.250000  0.000000   0.707107  -0.707107  -0.000000   0.707107  -0.000000   0.000000  -0.707107 -1
 0 -1  0  1  1  1 -1  0  0       0.250000   0.250000   0.250000  0.707107   0.000000   0.000000  -0.707107   0.000000  -0.707107   0.707107   0.000000 -1
 0 -1  0  0  0 -1  1  1  1       0.250000   0.250000   0.250000  0.707107  -0.000000  -0.707107  -0.000000   0.707107  -0.000000   0.707107   0.000000 -1
-1  0  0  1  1  1  0  0 -1       0.250000   0.250000   0.250000  0.000000   0.707107   0.000000   0.707107   0.000000   0.707107   0.000000  -0.707107 -1
 1  1  1 -1  0  0  0 -1  0       0.250000   0.250000   0.250000  0.707107   0.000000   0.707107   0.000000  -0.707107   0.000000   0.707107  -0.000000 -1
 0  0 -1  0 -1  0 -1  0  0       0.250000   0.250000   0.250000  0.000000  -0.707107   0.000000   0.707107  -0.000000   0.707107   0.000000   0.707107 -1
-1  0  0  0 -1  0  0  0 -1       0.250000   0.250000   0.250000  1.000000   0.000000   0.000000   0.000000   0.000000   0.000000   1.000000   0.000000 -1
 0 -1  0 -1  0  0  1  1  1       0.250000   0.250000   0.250000  0.000000  -1.000000   0.000000   0.000000  -0.000000   0.000000   0.000000   1.000000 -1
 0  0 -1  1  1  1 -1  0  0       0.250000   0.250000   0.250000  0.000000  -0.000000  -1.000000  -0.000000   1.000000  -0.000000   0.000000   0.000000 -1
 1  1  1  0  0 -1  0 -1  0       0.250000   0.250000   0.250000  0.000000   0.000000   0.000000  -1.000000   0.000000  -1.000000   0.000000   0.000000 -1
 0  0 -1 -1  0  0  0 -1  0       0.250000   0.250000   0.250000  0.500000  -0.500000  -0.500000  -0.500000   0.500000  -0.500000   0.500000   0.500000 -1
 1  1  1  0 -1  0 -1  0  0       0.250000   0.250000   0.250000  0.500000   0.500000  -0.500000   0.500000   0.500000   0.500000   0.500000  -0.500000 -1
-1  0  0  0  0 -1  1  1  1       0.250000   0.250000   0.250000  0.500000   0.500000   0.500000  -0.500000  -0.500000  -0.500000   0.500000  -0.500000 -1
 0 -1  0  1  1  1  0  0 -1       0.250000   0.250000   0.250000  0.500000  -0.500000   0.500000   0.500000  -0.500000   0.500000   0.500000   0.500000 -1
 0 -1  0  0  0 -1 -1  0  0       0.250000   0.250000   0.250000  0.500000   0.500000   0.500000   0.500000  -0.500000   0.500000   0.500000  -0.500000 -1
-1  0  0  1  1  1  0 -1  0       0.250000   0.250000   0.250000  0.500000  -0.500000  -0.500000   0.500000   0.500000   0.500000   0.500000   0.500000 -1
 1  1  1 -1  0  0  0  0 -1       0.250000   0.250000   0.250000  0.500000   0.500000  -0.500000  -0.500000   0.500000  -0.500000   0.500000  -0.500000 -1
 0  0 -1  0 -1  0  1  1  1       0.250000   0.250000   0.250000  0.500000  -0.500000   0.500000  -0.500000  -0.500000  -0.500000   0.500000   0.500000 -1
 1  0  0  0  1  0 -1 -1 -1       0.000000   0.000000   0.000000 -0.000000   0.000000   0.707107   0.707107  -0.707107   0.707107   0.000000   0.000000 -1
 0  1  0  1  0  0  0  0  1       0.000000   0.000000   0.000000 -0.000000  -0.000000   0.707107  -0.707107  -0.707107  -0.707107   0.000000   0.000000 -1
 0  0  1 -1 -1 -1  0  1  0       0.000000   0.000000   0.000000  0.707107   0.707107  -0.000000   0.000000   0.000000   0.000000   0.707107  -0.707107 -1
-1 -1 -1  0  0  1  1  0  0       0.000000   0.000000   0.000000  0.707107  -0.707107   0.000000   0.000000  -0.000000   0.000000   0.707107   0.707107 -1
 0  0  1  1  0  0 -1 -1 -1       0.000000   0.000000   0.000000  0.707107  -0.000000   0.000000   0.707107  -0.000000   0.707107   0.707107   0.000000 -1
-1 -1 -1  0  1  0  0  0  1       0.000000   0.000000   0.000000  0.000000  -0.707107  -0.707107   0.000000   0.707107  -0.000000   0.000000   0.707107 -1
 1  0  0  0  0  1  0  1  0       0.000000   0.000000   0.000000  0.000000  -0.707107   0.707107   0.000000  -0.707107   0.000000   0.000000   0.707107 -1
 0  1  0 -1 -1 -1  1  0  0       0.000000   0.000000   0.000000  0.707107   0.000000   0.000000  -0.707107   0.000000  -0.707107   0.707107   0.000000 -1
 0  1  0  0  0  1 -1 -1 -1       0.000000   0.000000   0.000000  0.707107  -0.000000  -0.707107  -0.000000   0.707107  -0.000000   0.707107   0.000000 -1
 1  0  0 -1 -1 -1  0  0  1       0.000000   0.000000   0.000000  0.000000  -0.707107   0.000000  -0.707107   0.000000  -0.707107   0.000000   0.707107 -1
-1 -1 -1  1  0  0  0  1  0       0.000000   0.000000   0.000000  0.707107   0.000000   0.707107   0.000000  -0.707107   0.000000   0.707107  -0.000000 -1
 0  0  1  0  1  0  1  0  0       0.000000   0.000000   0.000000  0.000000   0.707107   0.000000  -0.707107  -0.000000  -0.707107   0.000000  -0.707107 -1
  3  
  0.000000     0.000000     0.000000
  0.500000     0.000000     0.500000
  0.500000     0.500000     0.500000
48 
 1  2  3  4  5  6  7  8  9  10  11  12  13  14  15  16  17  18  19  20  21  22  23  24  25  26  27  28  29  30  31  32  33  34  35  36  37  38  39  40  41  42  43  44  45  46  47  48 
        1         1   -12.1759   1.000002     0.000000     1.000002     0.000000     1.000002     0.000000     1.000002     0.000000     1.000002     0.000000     1.000002     0.000000     1.000002     0.000000     1.000002     0.000000     1.000002     0.000000     1.000002     0.000000     1.000002     0.000000     1.000002     0.000000     1.000002     0.000000     1.000002     0.000000     1.000002     0.000000     1.000002     0.000000     1.000002     0.000000     1.000002     0.000000     1.000002     0.000000     1.000002     0.000000     1.000002     0.000000     1.000002     0.000000     1.000002     0.000000     1.000002     0.000000     1.000002     0.000000     1.000002     0.000000     1.000002     0.000000     1.000002     0.000000     1.000002     0.000000     1.000002     0.000000     1.000002     0.000000     1.000002     0.000000     1.000002     0.000000     1.000002     0.000000     1.000002     0.000000     1.000002     0.000000     1.000002     0.000000     1.000002     0.000000     1.000002     0.000000     1.000002     0.000000     1.000002     0.000000     1.000002     0.000000     1.000002     0.000000     1.000002     0.000000     1.000002     0.000000     1.000002     0.000000     1.000002     0.000000     1.000002     0.000000 
        2         3    -0.2154   3.000006    -0.000000    -1.000002    -0.000000    -1.000002    -0.000000    -1.000002    -0.000000    -0.000000    -0.000000     0.000000     0.000000     0.000000     0.000000    -0.000000    -0.000000    -0.000000     0.000000     0.000000    -0.000000    -0.000000     0.000000     0.000000    -0.000000     1.000003     0.000000     1.000002     0.000000    -1.000002    -0.000000    -1.000002     0.000000    -1.000002    -0.000000     1.000002     0.000000     1.000002     0.000000    -1.000002     0.000000    -1.000002    -0.000000     1.000002     0.000000    -1.000002     0.000000     1.000002    -0.000000     3.000006     0.000000    -1.000002     0.000000    -1.000002     0.000000    -1.000002     0.000000    -0.000000    -0.000000     0.000000     0.000000     0.000000     0.000000    -0.000000    -0.000000    -0.000000     0.000000     0.000000    -0.000000    -0.000000     0.000000     0.000000    -0.000000     1.000003    -0.000000     1.000002    -0.000000    -1.000002    -0.000000    -1.000002     0.000000    -1.000002    -0.000000     1.000002    -0.000000     1.000002    -0.000000    -1.000002     0.000000    -1.000002    -0.000000     1.000002    -0.000000    -1.000002     0.000000     1.000002    -0.000000 
        5         3     2.3500   3.000007    -0.000000    -1.000002    -0.000000    -1.000002    -0.000000    -1.000003    -0.000000    -0.000001     0.000001     0.000002     0.000000    -0.000001    -0.000001     0.000001    -0.000000    -0.000001    -0.000001    -0.000001     0.000001     0.000001     0.000000     0.000002    -0.000000    -1.000003    -0.000000    -1.000002    -0.000000     1.000003    -0.000001     1.000003     0.000001     1.000002     0.000000    -1.000005     0.000000    -1.000000    -0.000000     1.000002    -0.000000     1.000002     0.000001    -1.000002    -0.000000     1.000002    -0.000001    -1.000003    -0.000000    -3.000007    -0.000000     1.000002    -0.000000     1.000002     0.000000     1.000003    -0.000000     0.000001    -0.000001    -0.000002    -0.000000     0.000001     0.000001    -0.000001     0.000000     0.000001     0.000001     0.000001    -0.000001    -0.000001    -0.000000    -0.000002     0.000000     1.000003    -0.000000     1.000002    -0.000000    -1.000003     0.000001    -1.000003    -0.000001    -1.000002    -0.000000     1.000005    -0.000000     1.000000    -0.000000    -1.000002     0.000000    -1.000002    -0.000001     1.000002     0.000000    -1.000002     0.000001     1.000003    -0.000000 
        8         1     3.1628   1.000001     0.000000     1.000001     0.000000     1.000001     0.000000     1.000001     0.000000     1.000001     0.000000     1.000001    -0.000000     1.000001     0.000000     1.000001     0.000000     1.000001     0.000000     1.000001     0.000000     1.000001    -0.000000     1.000001     0.000000    -1.000001    -0.000000    -1.000001    -0.000000    -1.000001    -0.000000    -1.000001    -0.000000    -1.000001    -0.000000    -1.000001    -0.000000    -1.000001    -0.000000    -1.000001    -0.000000    -1.000001    -0.000000    -1.000001    -0.000000    -1.000001    -0.000000    -1.000001    -0.000000    -1.000001    -0.000000    -1.000001    -0.000000    -1.000001    -0.000000    -1.000001    -0.000000    -1.000001    -0.000000    -1.000001    -0.000000    -1.000001    -0.000000    -1.000001    -0.000000    -1.000001    -0.000000    -1.000001    -0.000000    -1.000001    -0.000000    -1.000001    -0.000000     1.000001     0.000000     1.000001     0.000000     1.000001     0.000000     1.000001    -0.000000     1.000001     0.000000     1.000001     0.000000     1.000001     0.000000     1.000001     0.000000     1.000001     0.000000     1.000001     0.000000     1.000001    -0.000000     1.000001     0.000000 
        9         2     7.5061   2.000001    -0.000000     2.000001    -0.000000     2.000001    -0.000000     2.000001    -0.000000    -1.000001    -0.000000    -1.000001    -0.000000    -1.000001    -0.000000    -1.000001    -0.000000    -1.000001     0.000000    -1.000001     0.000000    -1.000001     0.000000    -1.000001     0.000000     0.000001    -0.000000     0.000001    -0.000000     0.000001     0.000000     0.000001    -0.000000    -0.000001    -0.000000    -0.000001    -0.000000    -0.000001     0.000000    -0.000001     0.000000     0.000000    -0.000000     0.000000     0.000000     0.000000    -0.000000     0.000000     0.000000    -2.000001     0.000000    -2.000001     0.000000    -2.000001     0.000000    -2.000001     0.000000     1.000001     0.000000     1.000001     0.000000     1.000001     0.000000     1.000001     0.000000     1.000001    -0.000000     1.000001    -0.000000     1.000001    -0.000000     1.000001    -0.000000    -0.000001     0.000000    -0.000001     0.000000    -0.000001     0.000000    -0.000001     0.000000     0.000001    -0.000000     0.000001    -0.000000     0.000001     0.000000     0.000001    -0.000000    -0.000000    -0.000000    -0.000000     0.000000    -0.000000    -0.000000    -0.000000     0.000000 
       11         1     7.7463   1.000005    -0.000000     1.000005     0.000000     1.000005     0.000000     1.000005     0.000000     1.000005    -0.000000     1.000005     0.000000     1.000005     0.000000     1.000005    -0.000000     1.000005     0.000000     1.000005    -0.000000     1.000005     0.000000     1.000005     0.000000     1.000005     0.000000     1.000005     0.000000     1.000005     0.000000     1.000005    -0.000000     1.000005     0.000000     1.000005     0.000000     1.000005     0.000000     1.000005    -0.000000     1.000005     0.000000     1.000005     0.000000     1.000005     0.000000     1.000005     0.000000     1.000005     0.000000     1.000005     0.000000     1.000005     0.000000     1.000005     0.000000     1.000005     0.000000     1.000005    -0.000000     1.000005     0.000000     1.000005     0.000000     1.000005    -0.000000     1.000005     0.000000     1.000005     0.000000     1.000005     0.000000     1.000005     0.000000     1.000005    -0.000000     1.000005    -0.000000     1.000005     0.000000     1.000005     0.000000     1.000005     0.000000     1.000005    -0.000000     1.000005     0.000000     1.000005     0.000000     1.000005    -0.000000     1.000005     0.000000     1.000005     0.000000 
       12         1    11.0389   1.000001     0.000000    -0.606592     0.000000    -0.731725     0.000000     0.338316    -0.000000    -0.201852    -0.269949    -0.470663     0.542398     0.132842    -0.047509     0.539673    -0.224940    -0.201852     0.269949     0.132842     0.047509     0.539673     0.224940    -0.470663    -0.542398    -0.141116     0.000000     0.534525     0.000000    -0.196705    -0.494889    -0.196705     0.494889    -0.669158    -0.317458     0.738169    -0.000000     0.600148     0.000000    -0.669158     0.317458    -0.134138    -0.272450     0.806654     0.000000    -0.134138     0.272450    -0.538378     0.000000     1.000001     0.000000    -0.606592     0.000000    -0.731725    -0.000000     0.338316    -0.000000    -0.201852    -0.269949    -0.470663     0.542398     0.132842    -0.047509     0.539673    -0.224940    -0.201852     0.269949     0.132842     0.047509     0.539673     0.224940    -0.470663    -0.542398    -0.141116     0.000000     0.534525     0.000000    -0.196705    -0.494889    -0.196705     0.494889    -0.669158    -0.317458     0.738169    -0.000000     0.600148     0.000000    -0.669158     0.317458    -0.134138    -0.272450     0.806654    -0.000000    -0.134138     0.272450    -0.538378    -0.000000 
16 
 1  2  3  4  21  22  23  24  25  26  27  28  45  46  47  48 
        1         2    -8.0300   2.000004     0.000000     0.000001     0.000000     2.000004     0.000000     0.000001    -0.000000     0.000000    -0.000000    -0.000000     0.000000     0.000000    -0.000000    -0.000000    -0.000000    -0.000000     0.000000     0.000000    -0.000000    -0.000000    -0.000000     0.000000    -0.000000     0.000001    -0.000000     2.000004     0.000000     0.000001     0.000000     2.000004     0.000000 
        3         2    -3.0658   2.000005    -0.000000     0.000000    -0.000000    -2.000005    -0.000000    -0.000000     0.000000    -0.000000     0.000000    -2.000005    -0.000000     0.000000    -0.000000     2.000005    -0.000000    -0.000001    -0.000000     0.000000    -0.000000     0.000001    -0.000000     0.000000     0.000000    -0.000000     0.000000     0.000001    -0.000000    -0.000000    -0.000000    -0.000001    -0.000000 
        5         2     0.4943   2.000003    -0.000000    -0.000000     0.000000     2.000003     0.000000    -0.000000     0.000000     0.000000     0.000001    -0.000001     0.000000     0.000000     0.000001    -0.000001    -0.000000    -0.000001    -0.000000     0.000000     0.000001    -0.000001     0.000000     0.000000     0.000001    -0.000000     0.000000     2.000003     0.000000    -0.000000     0.000000     2.000003    -0.000000 
        7         2     9.9039   2.000005     0.000000    -0.000001    -0.000000    -2.000005    -0.000000     0.000001     0.000000    -0.000001     0.000000     2.000005    -0.000000     0.000001     0.000000    -2.000005    -0.000000     0.000003    -0.000000    -0.000000     0.000001    -0.000003    -0.000000     0.000000    -0.000001    -0.000000     0.000001     0.000003     0.000000    -0.000000    -0.000001    -0.000003     0.000000 
        9         2    10.7608   2.000001    -0.000000    -0.000000     0.000000    -2.000001     0.000000     0.000000     0.000000     0.000000    -0.000000    -2.000001    -0.000000    -0.000000    -0.000000     2.000001     0.000000    -0.000000     0.000000     0.000000    -0.000000     0.000000    -0.000000    -0.000000     0.000000     0.000000     0.000000     0.000000     0.000000     0.000000    -0.000000    -0.000000    -0.000000 
       11         2    12.3110   2.000002     0.000000    -0.000000     0.000000     2.000002     0.000000    -0.000000    -0.000000     0.000000     0.000000     0.000000     0.000000     0.000000     0.000000     0.000000     0.000000    -0.000000    -0.000000     0.000000    -0.000000    -0.000000    -0.000000    -0.000000    -0.000000     0.000000     0.000000    -2.000002    -0.000000     0.000000     0.000000    -2.000002     0.000000 
12 
 1  5  9  14  19  24  25  29  33  38  43  48 
        1         1    -9.8435   1.000001     0.000000     1.000001     0.000000     1.000001     0.000000    -1.000001    -0.000000    -1.000001    -0.000000    -1.000001     0.000000    -1.000001     0.000000    -1.000001    -0.000000    -1.000001     0.000000     1.000001     0.000000     1.000001     0.000000     1.000001     0.000000 
        2         1    -7.1833   1.000003     0.000000     1.000003     0.000000     1.000003     0.000000     1.000003     0.000000     1.000003    -0.000000     1.000003     0.000000     1.000003     0.000000     1.000003     0.000000     1.000003    -0.000000     1.000003     0.000000     1.000003     0.000000     1.000003     0.000000 
        3         2    -1.4128   2.000005     0.000000    -1.000002    -0.000000    -1.000002     0.000000     0.000000     0.000000    -0.000000     0.000000     0.000000    -0.000000    -2.000005    -0.000000     1.000002     0.000000     1.000002    -0.000000    -0.000000    -0.000000     0.000000    -0.000000    -0.000000     0.000000 
        5         1     1.3266   1.000004    -0.000000     1.000004     0.000000     1.000004     0.000000     1.000004    -0.000000     1.000004     0.000000     1.000004     0.000000     1.000004     0.000000     1.000004     0.000000     1.000004     0.000000     1.000004    -0.000000     1.000004    -0.000000     1.000004     0.000000 
        6         2     3.1251   2.000003    -0.000000    -1.000002    -0.000000    -1.000002     0.000000    -0.000000     0.000000     0.000001     0.000000    -0.000000    -0.000000     2.000003    -0.000000    -1.000002    -0.000000    -1.000002     0.000000    -0.000000    -0.000000     0.000001    -0.000000    -0.000000    -0.000000 
        8         1     7.5148   1.000001    -0.000000     1.000001     0.000000     1.000001    -0.000000    -1.000001    -0.000000    -1.000001    -0.000000    -1.000001    -0.000000    -1.000001    -0.000000    -1.000001    -0.000000    -1.000001     0.000000     1.000001    -0.000000     1.000001    -0.000000     1.000001     0.000000 
        9         2    10.3370   2.000001     0.000000    -1.000001    -0.000000    -1.000001     0.000000     0.000000    -0.000000    -0.000000     0.000000    -0.000000    -0.000000    -2.000001    -0.000000     1.000001     0.000000     1.000001    -0.000000    -0.000000     0.000000     0.000000    -0.000000     0.000000     0.000000 
       11         2    11.1321   2.000004     0.000000    -1.000002    -0.000002    -1.000002     0.000002     0.000004     0.000000    -0.000003    -0.000000    -0.000001     0.000000     2.000003     0.000000    -1.000002    -0.000002    -1.000002     0.000002     0.000004    -0.000000    -0.000003    -0.000000    -0.000001    -0.000000 
